[[0, 123, -1, -1, 73, -1, -1, -1, -1, -1, -1, -1, -1, -1, -1, -1],
[124, 0, 74, -1, -1, 73, -1, -1, -1, -1, -1, -1, -1, -1, -1, -1],
[-1, 73, 0, 73, -1, -1, 78, -1, -1, -1, -1, -1, -1, -1, -1, -1],
[-1, -1, 74, 0, -1, -1, -1, 149, -1, -1, -1, -1, -1, -1, -1, -1],
[76, -1, -1, -1, 0, 99, -1, -1, 123, -1, -1, -1, -1, -1, -1, -1],
[-1, 74, -1, -1, 98, 0, 147, -1, -1, 120, -1, -1, -1, -1, -1, -1],
[-1, -1, 49, -1, -1, 141, 0, 148, -1, -1, 125, -1, -1, -1, -1, -1],
[-1, -1, -1, 150, -1, -1, 145, 0, -1, -1, -1, 14, -1, -1, -1, -1],
[-1, -1, -1, -1, 123, -1, -1, -1, 0, 123, -1, -1, 78, -1, -1, -1],
[-1, -1, -1, -1, -1, 121, -1, -1, 122, 0, 106, -1, -1, 54, -1, -1],
[-1, -1, -1, -1, -1, -1, 122, -1, -1, 97, 0, 73, -1, -1, 123, -1],
[-1, -1, -1, -1, -1, -1, -1, 27, -1, -1, 75, 0, -1, -1, -1, 74],
[-1, -1, -1, -1, -1, -1, -1, -1, 74, -1, -1, -1, 0, 74, -1, -1],
[-1, -1, -1, -1, -1, -1, -1, -1, -1, 48, -1, -1, 74, 0, 51, -1],
[-1, -1, -1, -1, -1, -1, -1, -1, -1, -1, 124, -1, -1, 74, 0, 75],
[-1, -1, -1, -1, -1, -1, -1, -1, -1, -1, -1, 73, -1, -1, 74, 0],
[0, 2, -1, -1, 3, -1, -1, -1, -1, -1, -1, -1, -1, -1, -1, -1],
[2, 0, 3, -1, -1, 4, -1, -1, -1, -1, -1, -1, -1, -1, -1, -1],
[-1, 2, 0, 3, -1, -1, 4, -1, -1, -1, -1, -1, -1, -1, -1, -1],
[-1, -1, 2, 0, -1, -1, -1, 3, -1, -1, -1, -1, -1, -1, -1, -1],
[2, -1, -1, -1, 0, 3, -1, -1, 4, -1, -1, -1, -1, -1, -1, -1],
[-1, 3, -1, -1, 2, 0, 4, -1, -1, 5, -1, -1, -1, -1, -1, -1],
[-1, -1, 3, -1, -1, 2, 0, 4, -1, -1, 5, -1, -1, -1, -1, -1],
[-1, -1, -1, 3, -1, -1, 2, 0, -1, -1, -1, 4, -1, -1, -1, -1],
[-1, -1, -1, -1, 2, -1, -1, -1, 0, 3, -1, -1, 4, -1, -1, -1],
[-1, -1, -1, -1, -1, 3, -1, -1, 2, 0, 4, -1, -1, 5, -1, -1],
[-1, -1, -1, -1, -1, -1, 3, -1, -1, 2, 0, 4, -1, -1, 5, -1],
[-1, -1, -1, -1, -1, -1, -1, 3, -1, -1, 2, 0, -1, -1, -1, 4],
[-1, -1, -1, -1, -1, -1, -1, -1, 2, -1, -1, -1, 0, 3, -1, -1],
[-1, -1, -1, -1, -1, -1, -1, -1, -1, 3, -1, -1, 2, 0, 4, -1],
[-1, -1, -1, -1, -1, -1, -1, -1, -1, -1, 3, -1, -1, 2, 0, 4],
[-1, -1, -1, -1, -1, -1, -1, -1, -1, -1, -1, 3, -1, -1, 2, 0],
[0, 123, 197, 270, 73, 172, 275, 419, 196, 292, 398, 433, 274, 346, 397, 472],
[124, 0, 74, 147, 171, 73, 152, 296, 294, 193, 277, 310, 321, 247, 298, 373],
[197, 73, 0, 73, 244, 146, 78, 222, 367, 266, 203, 236, 394, 320, 326, 310],
[271, 147, 74, 0, 318, 220, 152, 149, 441, 335, 238, 163, 459, 385, 311, 237],
[76, 173, 247, 320, 0, 99, 246, 394, 123, 219, 325, 398, 201, 273, 324, 399],
[174, 74, 148, 221, 98, 0, 147, 295, 221, 120, 226, 299, 248, 174, 225, 300],
[246, 122, 49, 122, 239, 141, 0, 148, 344, 222, 125, 162, 350, 276, 248, 236],
[391, 267, 194, 150, 384, 286, 145, 0, 308, 186, 89, 14, 310, 236, 162, 88],
[199, 296, 370, 443, 123, 222, 351, 329, 0, 123, 229, 302, 78, 152, 203, 278],
[295, 195, 269, 342, 219, 121, 228, 206, 122, 0, 106, 179, 128, 54, 105, 180],
[368, 244, 171, 244, 316, 218, 122, 100, 219, 97, 0, 73, 225, 151, 123, 147],
[418, 294, 221, 177, 391, 293, 172, 27, 294, 172, 75, 0, 296, 222, 148, 74],
[273, 317, 391, 450, 197, 243, 350, 300, 74, 122, 228, 273, 0, 74, 125, 200],
[343, 243, 317, 376, 267, 169, 276, 226, 148, 48, 154, 199, 74, 0, 51, 126],
[417, 317, 295, 325, 341, 243, 246, 175, 222, 122, 124, 148, 148, 74, 0, 75],
[491, 367, 294, 250, 415, 317, 245, 100, 296, 196, 148, 73, 222, 148, 74, 0],
[0, 2, 2, 2, 3, 3, 2, 2, 3, 3, 3, 2, 3, 3, 3, 3],
[2, 0, 3, 3, 4, 4, 3, 3, 4, 4, 3, 3, 4, 4, 4, 4],
[2, 2, 0, 3, 2, 2, 4, 3, 2, 2, 4, 3, 2, 2, 4, 3],
[2, 2, 2, 0, 2, 2, 2, 3, 2, 3, 3, 3, 3, 3, 3, 3],
[2, 3, 3, 3, 0, 3, 3, 3, 4, 3, 3, 3, 4, 3, 3, 3],
[2, 3, 3, 3, 2, 0, 4, 4, 2, 5, 5, 5, 5, 5, 5, 5],
[3, 3, 3, 3, 2, 2, 0, 4, 5, 5, 5, 4, 5, 5, 5, 4],
[2, 2, 2, 3, 2, 2, 2, 0, 4, 4, 4, 4, 4, 4, 4, 4],
[2, 2, 2, 2, 2, 2, 3, 3, 0, 3, 3, 3, 4, 4, 4, 4],
[3, 3, 3, 3, 3, 3, 4, 4, 2, 0, 4, 4, 5, 5, 5, 5],
[3, 3, 3, 3, 2, 2, 3, 4, 2, 2, 0, 4, 2, 2, 5, 4],
[3, 3, 3, 3, 2, 2, 3, 3, 2, 2, 2, 0, 4, 4, 4, 4],
[2, 3, 3, 3, 2, 3, 3, 3, 2, 3, 3, 3, 0, 3, 3, 3],
[3, 3, 3, 4, 3, 3, 3, 4, 2, 3, 3, 4, 2, 0, 4, 4],
[2, 2, 3, 4, 2, 2, 3, 4, 2, 2, 3, 4, 2, 2, 0, 4],
[3, 3, 3, 3, 2, 2, 3, 3, 2, 2, 3, 3, 2, 2, 2, 0]]

