20101021 seed(0) arrayinput=15 arrayhide=5
-0.34748784411389566
-0.8360181872669542
-0.7527822303422906
-0.5888399711232577
0.10741370306869177
0.7549354934377804
-0.5296371195585579
0.42793039911356834
-0.43683941996375547
0.9001644411897672
-0.4759394372232781
0.4522279759204104
-0.5028272544589313
-0.8941337119459757
-0.9083161308040786
0.00667472922519832
0.9607426539582319
-0.12708830819673603
0.27296623203239573
-0.49881763734899
0.38066766524239687
0.05386236258292926
-0.04008977700817922
-0.12342063703267063
-0.8457219804670207
-0.8683068745996405
-0.5467138817192225
0.3116578299919049
0.9024927831628046
-0.2983890905038034
0.01844620457154252
-0.13119583347618857
0.9330089348298153
-0.4911171529202578
0.37789564920038843
-0.42455297924157104
-0.8903274602479959
-0.8832723676294112
-0.02330375317403104
0.9632663213789839
0.29382688498496984
-0.10183962628220748
-0.11394286352844044
0.783882391001458
-0.07839665423487611
-0.2742589422879748
0.2942671884817304
0.023963031874119457
-0.34094170200248686
-0.9021027261796268
0.050175866003034066
0.5469433396022306
0.06505845893676854
-0.01263575646220788
0.043925091824302626
0.6670889996065418
-0.2456149572640388
0.2061462632317701
-0.2374368150465169
-0.7287974414478028
-0.8999472537280023
