4123.923
4070.908
3725.558
3663.002
3789.168
3705.766
3663.726
3622.905
3756.545
3694.573
3661.539
3744.205
3928.415
3927.908
3886.32
3954.556
3965.335
3993.668
3748.164
3794.109
3664.291
3507.744
3209.905
2964.967
2927.288
3083.591
3232.35
3205.986
3166.624
3160.167
3080.42
3170.452
3243.089
3197.893
3200.234
3114.798
3005.172
3152.263
3086.061
3097.917
3156.54
3185.619
3115.888
3142.687
3092.347
3100.756
3038.137
3052.781
3143.357
3183.152
3287.662
3293.23
3262.441
3338.073
3391.352
3386.7
3425.33
3320.676
3368.739
3412.434
