743531874268.0
843022070389.0
721298088691.0
685057523948.0
557491964594.0
615977923152.0
460472253774.0
445991593475.0
464036242967.0
483850277393.0
357515147167.0
445485029431.0
652622008945.0
712289933154.0
597050259293.0
578685519561.0
647466472559.0
626327680299.0
722467247365.0
599513277258.0
501194992628.0
450616485183.0
358818882677.0
358735780116.0
461788981390.0
404289306103.0
474631023331.0
431068601209.0
420411621758.0
423262356087.0
302689722336.0
263910382052.0
412991428267.0
299581090523.0
252769467178.0
373576802407.0
243904590423.0
281992256964.0
337393270978.0
218442429993.0
259796673584.0
305071324500.0
257560036032.0
231369054767.0
248971120664.0
166422394798.0
169686597162.0
156569197540.0
258830338655.0
256379112141.0
435541019182.0
334806099305.0
330277519398.0
362565554134.0
459447813308.0
453303626902.0
383582515358.0
518509230404.0
375452024664.0
425263086325.0
